2 1
4 1
11 1
16 1
17 1
20 1
21 1
25 1
4 2
14 2
17 2
18 2
7 3
8 3
9 3
14 3
23 3
5 4
10 4
11 4
12 4
13 4
14 4
15 4
18 4
20 4
21 4
22 4
23 4
24 4
25 4
6 5
7 5
8 5
9 5
14 5
22 5
23 5
8 6
9 6
12 6
15 6
22 6
8 7
9 7
14 7
9 8
14 8
15 8
19 8
12 9
14 9
19 9
23 9
13 10
15 10
21 10
22 10
24 10
14 11
16 11
18 11
19 11
21 11
24 11
14 12
15 12
22 12
14 13
15 13
20 13
24 13
15 14
18 14
19 14
20 14
21 14
23 14
24 14
22 15
24 15
17 16
18 16
19 16
20 16
21 16
25 16
18 17
25 17
19 18
20 18
25 18
20 19
24 19
24 20
22 21
24 21
25 21
24 22
