2 1
4 1
14 1
16 1
17 1
18 1
20 1
25 1
4 2
11 2
14 2
17 2
18 2
19 2
20 2
4 3
6 3
7 3
8 3
14 3
15 3
19 3
23 3
24 3
9 4
10 4
11 4
12 4
13 4
14 4
15 4
16 4
18 4
19 4
20 4
21 4
23 4
24 4
25 4
6 5
8 5
11 5
12 5
14 5
22 5
23 5
24 5
7 6
8 6
14 6
15 6
14 7
15 7
19 7
24 7
12 8
14 8
15 8
22 8
23 8
10 9
11 9
12 9
13 9
15 9
21 9
23 9
24 9
12 10
13 10
21 10
24 10
13 11
14 11
17 11
23 11
15 12
22 12
23 12
14 13
24 13
17 14
19 14
22 14
22 15
24 15
20 16
25 16
18 17
20 17
20 18
25 18
20 19
24 19
24 20
23 21
24 21
24 22
24 23
