2 1
4 1
10 1
14 1
16 1
17 1
21 1
25 1
26 1
27 1
30 1
31 1
40 1
7 2
10 2
18 2
19 2
23 2
28 2
34 2
4 3
5 3
7 3
13 3
17 3
26 3
29 3
36 3
39 3
5 4
6 4
10 4
13 4
17 4
20 4
21 4
23 4
25 4
29 4
33 4
36 4
39 4
6 5
7 5
10 5
20 5
21 5
25 5
28 5
29 5
31 5
34 5
35 5
37 5
7 6
10 6
11 6
20 6
21 6
22 6
27 6
28 6
30 6
32 6
11 7
18 7
20 7
21 7
22 7
24 7
26 7
34 7
35 7
36 7
38 7
39 7
10 8
11 8
12 8
16 8
18 8
24 8
26 8
32 8
35 8
37 8
38 8
10 9
11 9
12 9
13 9
21 9
22 9
23 9
24 9
26 9
29 9
35 9
36 9
37 9
13 10
15 10
18 10
21 10
22 10
23 10
24 10
25 10
26 10
29 10
31 10
35 10
38 10
12 11
13 11
15 11
17 11
19 11
23 11
30 11
31 11
34 11
35 11
37 11
39 11
13 12
14 12
15 12
16 12
20 12
21 12
22 12
28 12
40 12
15 13
17 13
19 13
26 13
30 13
31 13
32 13
33 13
35 13
38 13
15 14
18 14
23 14
32 14
35 14
40 14
17 15
18 15
20 15
21 15
22 15
23 15
25 15
29 15
34 15
39 15
40 15
19 16
20 16
24 16
29 16
31 16
33 16
36 16
19 17
20 17
21 17
26 17
32 17
33 17
34 17
36 17
38 17
19 18
21 18
22 18
24 18
32 18
39 18
20 19
25 19
35 19
40 19
22 20
24 20
25 20
26 20
32 20
34 20
35 20
27 21
30 21
33 21
37 21
23 22
25 22
27 22
29 22
29 23
30 23
34 23
36 23
27 24
28 24
31 24
39 24
27 25
33 25
36 25
37 25
40 25
37 26
40 26
31 27
33 27
29 28
31 28
32 28
35 28
37 28
31 29
39 29
35 30
34 31
35 31
33 32
34 32
39 33
35 34
37 34
38 35
40 36
38 37
