4 1
8 1
14 1
15 1
16 1
17 1
18 1
21 1
22 1
23 1
26 1
29 1
30 1
3 2
20 2
23 2
26 2
36 2
9 3
14 3
19 3
20 3
27 3
32 3
39 3
8 4
13 4
14 4
16 4
19 4
25 4
26 4
28 4
35 4
36 4
37 4
39 4
8 5
16 5
17 5
28 5
31 5
37 5
16 6
20 6
23 6
24 6
26 6
27 6
30 6
33 6
36 6
38 6
40 6
9 7
15 7
16 7
18 7
28 7
36 7
12 8
17 8
21 8
23 8
25 8
27 8
28 8
30 8
34 8
40 8
10 9
11 9
14 9
15 9
21 9
22 9
27 9
33 9
36 9
37 9
39 9
14 10
15 10
25 10
28 10
31 10
34 10
12 11
13 11
14 11
16 11
17 11
18 11
26 11
28 11
32 11
35 11
36 11
38 11
40 11
18 12
19 12
28 12
36 12
40 12
19 13
23 13
25 13
28 13
32 13
33 13
19 14
24 14
26 14
32 14
38 14
40 14
17 15
18 15
19 15
24 15
25 15
26 15
27 15
31 15
33 15
26 16
27 16
34 16
38 16
40 16
19 17
22 17
24 17
29 17
35 17
36 17
39 17
21 18
22 18
24 18
25 18
32 18
34 18
39 18
26 19
31 19
32 19
35 19
40 19
23 20
26 20
28 20
36 20
38 20
22 21
31 21
33 21
38 21
23 22
25 22
31 22
36 22
27 23
28 23
37 23
38 23
40 23
36 24
28 25
29 25
32 25
34 25
36 25
37 25
28 26
40 26
31 27
30 28
32 28
38 28
40 28
32 29
37 30
33 31
33 32
34 32
36 32
40 32
34 33
35 33
36 33
37 33
39 33
38 34
37 36
40 36
38 37
39 38
