3 1
7 1
14 1
15 1
20 1
24 1
29 1
31 1
33 1
35 1
36 1
38 1
23 2
24 2
28 2
33 2
39 2
4 3
5 3
6 3
8 3
10 3
11 3
12 3
24 3
26 3
29 3
33 3
7 4
8 4
14 4
27 4
28 4
32 4
38 4
39 4
40 4
11 5
17 5
18 5
19 5
21 5
22 5
27 5
32 5
33 5
37 5
38 5
40 5
8 6
11 6
12 6
14 6
17 6
21 6
22 6
24 6
25 6
26 6
28 6
32 6
33 6
37 6
38 6
40 6
9 7
14 7
15 7
17 7
20 7
22 7
25 7
27 7
28 7
29 7
30 7
31 7
38 7
40 7
10 8
11 8
19 8
24 8
30 8
34 8
35 8
39 8
17 9
27 9
30 9
32 9
14 10
15 10
16 10
22 10
27 10
28 10
37 10
39 10
30 11
32 11
37 11
38 11
15 12
21 12
22 12
23 12
26 12
30 12
31 12
35 12
39 12
40 12
14 13
23 13
40 13
15 14
16 14
24 14
27 14
28 14
34 14
38 14
16 15
19 15
24 15
25 15
26 15
35 15
37 15
39 15
21 16
25 16
29 16
34 16
37 16
27 17
37 17
20 18
21 18
26 18
35 18
37 18
40 18
34 19
38 19
35 20
39 20
40 20
28 21
29 21
37 21
25 22
31 22
32 22
24 23
26 23
32 23
37 23
39 23
40 23
30 24
32 24
33 24
36 24
33 25
34 25
35 25
37 25
32 26
35 26
38 26
39 26
31 27
36 27
39 27
33 29
37 29
39 29
32 30
33 30
36 30
39 30
33 31
39 31
35 32
40 32
34 33
35 33
36 33
37 33
39 33
40 33
35 34
36 34
38 34
37 35
38 35
39 35
40 35
37 36
39 37
40 38
