13 1
16 1
23 1
33 1
36 1
40 1
3 2
4 2
5 2
6 2
7 2
13 2
14 2
15 2
18 2
21 2
26 2
28 2
29 2
30 2
32 2
38 2
4 3
6 3
14 3
23 3
24 3
40 3
7 4
9 4
14 4
18 4
21 4
22 4
25 4
30 4
31 4
35 4
36 4
38 4
39 4
40 4
14 5
16 5
21 5
23 5
31 5
32 5
36 5
11 6
12 6
17 6
19 6
23 6
28 6
29 6
31 6
38 6
40 6
9 7
12 7
20 7
24 7
25 7
27 7
28 7
30 7
31 7
35 7
39 7
14 8
17 8
20 8
23 8
25 8
31 8
32 8
33 8
35 8
36 8
39 8
21 9
28 9
30 9
32 9
37 9
38 9
39 9
11 10
14 10
20 10
21 10
27 10
34 10
40 10
12 11
14 11
21 11
32 11
38 11
40 11
19 12
23 12
25 12
28 12
37 12
39 12
40 12
16 13
17 13
19 13
32 13
34 13
35 13
38 13
15 14
16 14
21 14
25 14
30 14
33 14
35 14
22 15
23 15
24 15
25 15
33 15
38 15
17 16
26 16
36 16
19 17
21 17
26 17
29 17
31 17
35 17
21 18
24 18
27 18
29 18
33 18
40 18
26 19
30 19
24 20
27 20
28 20
30 20
36 20
26 21
27 21
30 21
37 21
24 22
25 22
26 22
30 22
34 22
26 23
30 23
33 23
37 23
38 23
39 23
40 23
29 24
30 24
31 24
34 24
27 25
28 25
29 25
36 25
40 25
28 26
30 26
32 26
28 27
29 27
33 27
35 27
38 27
39 27
35 28
30 29
35 30
38 30
38 32
36 33
37 33
39 33
35 34
40 35
40 38
