3 1
9 1
12 1
14 1
16 1
21 1
23 1
24 1
30 1
35 1
38 1
6 2
7 2
10 2
21 2
26 2
27 2
28 2
30 2
32 2
35 2
5 3
17 3
18 3
22 3
26 3
29 3
30 3
33 3
5 4
10 4
12 4
20 4
21 4
22 4
25 4
28 4
36 4
37 4
40 4
8 5
11 5
20 5
28 5
32 5
34 5
35 5
40 5
12 6
20 6
21 6
22 6
32 6
33 6
34 6
13 7
16 7
18 7
24 7
25 7
27 7
29 7
35 7
38 7
39 7
10 8
20 8
22 8
32 8
33 8
35 8
37 8
38 8
10 9
11 9
17 9
21 9
26 9
28 9
38 9
39 9
40 9
11 10
18 10
20 10
24 10
26 10
28 10
30 10
33 10
34 10
35 10
38 10
39 10
12 11
16 11
17 11
18 11
19 11
21 11
22 11
32 11
40 11
15 12
34 12
36 12
38 12
17 13
23 13
26 13
35 13
38 13
40 13
15 14
16 14
34 14
17 15
18 15
19 15
20 15
24 15
25 15
34 15
36 15
40 15
18 16
23 16
24 16
27 16
28 16
32 16
23 17
26 17
28 17
30 17
31 17
32 17
34 17
36 17
37 17
22 18
25 18
27 18
28 18
31 18
33 18
34 18
28 19
29 19
33 19
36 19
24 20
26 20
31 20
32 20
34 20
35 20
37 20
38 20
27 21
31 21
24 22
25 22
29 22
33 22
34 22
38 22
32 23
34 23
38 23
39 23
26 25
27 25
35 25
37 25
28 26
31 26
35 26
38 26
39 26
36 27
40 27
31 28
32 28
33 28
35 28
36 28
37 28
31 29
34 29
38 29
39 29
32 30
36 30
40 30
34 31
35 31
37 31
39 31
34 32
39 32
38 35
40 36
39 37
40 38
