16 1
17 1
18 1
23 1
26 1
29 1
34 1
35 1
5 2
9 2
18 2
20 2
26 2
4 3
14 3
15 3
19 3
20 3
23 3
24 3
26 3
30 3
31 3
32 3
36 3
8 4
9 4
19 4
20 4
21 4
29 4
32 4
37 4
14 5
15 5
16 5
21 5
26 5
31 5
20 6
26 6
32 6
34 6
35 6
20 7
28 7
29 7
36 7
38 7
40 7
9 8
11 8
12 8
14 8
15 8
28 8
30 8
32 8
38 8
12 9
17 9
18 9
21 9
28 9
31 9
32 9
33 9
34 9
40 9
11 10
13 10
14 10
33 10
12 11
13 11
15 11
17 11
18 11
19 11
20 11
22 11
27 11
28 11
32 11
38 11
39 11
15 12
28 12
16 13
25 13
28 13
30 13
32 13
38 13
40 13
27 14
31 14
32 14
38 14
18 15
19 15
25 15
27 15
28 15
31 15
34 15
39 15
18 16
19 16
20 16
21 16
28 16
29 16
30 16
34 16
37 16
38 16
39 16
40 16
19 17
22 17
25 17
28 17
33 17
37 17
21 18
22 18
24 18
25 18
27 18
31 18
32 18
33 18
34 18
26 19
29 19
35 19
36 19
38 19
40 19
23 20
26 20
30 20
31 20
32 20
33 20
38 20
23 21
26 21
27 21
34 21
38 21
25 22
34 22
36 22
26 23
29 23
34 23
37 23
38 23
25 24
26 24
27 24
28 24
35 24
36 24
37 24
31 25
34 25
36 25
27 26
31 26
37 26
38 26
34 27
31 28
32 28
34 28
35 28
36 28
38 28
40 28
32 29
34 29
38 30
36 31
40 31
33 32
34 32
36 32
36 35
38 35
38 37
39 37
40 38
