5 1
8 1
9 1
11 1
14 1
15 1
20 1
27 1
29 1
33 1
36 1
37 1
40 1
4 2
7 2
13 2
14 2
18 2
20 2
21 2
25 2
26 2
28 2
31 2
34 2
5 3
19 3
21 3
22 3
23 3
25 3
26 3
34 3
37 3
17 4
18 4
20 4
26 4
31 4
33 4
38 4
9 5
10 5
17 5
20 5
22 5
37 5
40 5
8 6
11 6
12 6
20 6
28 6
32 6
35 6
38 6
12 7
14 7
16 7
17 7
19 7
30 7
33 7
37 7
9 8
10 8
14 8
18 8
21 8
32 8
35 8
37 8
39 8
18 9
21 9
24 9
25 9
29 9
33 9
38 9
39 9
40 9
12 10
16 10
18 10
20 10
21 10
26 10
27 10
31 10
33 10
36 10
37 10
39 10
40 10
13 11
15 11
16 11
20 11
26 11
27 11
28 11
29 11
31 11
32 11
34 11
35 11
36 11
37 11
39 11
40 11
14 12
19 12
20 12
21 12
26 12
27 12
30 12
34 12
40 12
17 13
20 13
21 13
26 13
29 13
37 13
19 14
25 14
36 14
39 14
17 15
20 15
21 15
22 15
27 15
29 15
33 15
36 15
40 15
19 16
21 16
29 16
30 16
31 16
38 16
19 17
20 17
22 17
37 17
38 17
26 18
35 18
24 19
26 19
27 19
28 19
29 19
30 19
33 19
35 19
26 20
30 20
33 20
36 20
37 20
23 21
25 21
33 21
35 21
24 23
28 23
29 23
32 23
34 23
35 23
39 23
29 24
34 24
26 25
34 25
39 25
34 26
36 26
37 26
33 27
39 27
31 28
33 28
34 28
30 29
31 29
32 29
34 29
35 29
37 29
38 29
34 30
36 30
34 31
37 31
34 32
38 32
34 33
35 33
39 34
36 35
37 35
40 35
39 38
