2 1
4 1
9 1
11 1
15 1
16 1
20 1
21 1
24 1
26 1
27 1
29 1
30 1
31 1
33 1
34 1
36 1
40 1
10 2
14 2
17 2
18 2
29 2
31 2
35 2
5 3
8 3
9 3
14 3
16 3
17 3
21 3
22 3
25 3
26 3
29 3
35 3
37 3
39 3
40 3
5 4
9 4
19 4
20 4
23 4
25 4
32 4
33 4
34 4
37 4
40 4
8 5
9 5
10 5
12 5
16 5
20 5
25 5
26 5
30 5
31 5
36 5
38 5
40 5
9 6
11 6
13 6
14 6
20 6
25 6
28 6
32 6
35 6
38 6
15 7
16 7
17 7
20 7
22 7
25 7
35 7
38 7
39 7
10 8
13 8
25 8
26 8
35 8
36 8
37 8
38 8
12 9
19 9
20 9
21 9
22 9
24 9
28 9
29 9
33 9
34 9
38 9
40 9
11 10
15 10
18 10
19 10
21 10
23 10
25 10
30 10
36 10
37 10
16 11
19 11
20 11
26 11
34 11
35 11
37 11
39 11
14 12
16 12
20 12
31 12
32 12
34 12
16 13
17 13
19 13
20 13
21 13
25 13
26 13
30 13
31 13
32 13
38 13
39 13
17 14
26 14
31 14
39 14
16 15
17 15
19 15
20 15
23 15
27 15
29 15
30 15
31 15
33 15
34 15
39 15
19 16
28 16
30 16
38 16
40 16
19 17
24 17
29 17
33 17
34 17
35 17
36 17
37 17
23 18
24 18
25 18
26 18
33 18
34 18
35 18
39 18
40 18
25 19
27 19
29 19
30 19
35 19
24 20
26 20
36 20
37 20
40 20
24 21
25 21
29 21
30 21
32 21
38 21
25 22
31 22
25 23
28 24
32 24
35 24
37 24
34 25
35 25
36 25
28 26
36 26
32 27
39 27
32 28
40 28
32 29
35 29
36 29
38 29
34 31
35 31
40 32
35 33
39 33
36 34
39 34
37 35
40 35
