4 1
5 1
8 1
10 1
13 1
14 1
16 1
17 1
19 1
22 1
34 1
36 1
37 1
6 2
13 2
14 2
18 2
21 2
24 2
29 2
30 2
32 2
33 2
38 2
4 3
6 3
8 3
10 3
13 3
14 3
16 3
20 3
23 3
26 3
29 3
33 3
5 4
14 4
17 4
23 4
25 4
26 4
32 4
33 4
38 4
39 4
40 4
14 5
18 5
20 5
21 5
29 5
30 5
36 5
9 6
11 6
12 6
17 6
21 6
22 6
23 6
28 6
36 6
38 6
40 6
9 7
12 7
19 7
27 7
29 7
34 7
38 7
14 8
20 8
25 8
30 8
33 8
34 8
36 8
21 9
30 9
32 9
34 9
16 10
19 10
25 10
26 10
27 10
40 10
13 11
14 11
18 11
20 11
24 11
38 11
17 12
19 12
20 12
21 12
28 12
32 12
16 13
18 13
19 13
20 13
22 13
23 13
28 13
32 13
36 13
38 13
15 14
24 14
27 14
30 14
31 14
32 14
33 14
37 14
16 15
22 15
23 15
26 15
30 15
32 15
38 15
18 16
23 16
27 16
28 16
31 16
37 16
38 16
40 16
22 17
26 17
28 17
34 17
39 17
19 18
24 18
27 18
28 18
30 18
34 18
38 18
39 18
38 19
24 20
27 20
30 20
32 20
23 21
29 21
33 21
31 22
37 22
24 23
27 23
29 23
33 23
37 23
38 23
39 23
40 23
28 24
29 24
30 24
34 24
39 24
36 25
38 25
29 26
31 26
35 26
28 27
29 27
31 27
33 27
35 27
37 27
38 27
39 27
40 27
29 28
38 28
35 29
38 29
34 30
36 30
39 30
33 32
35 32
39 32
40 32
35 33
36 33
40 35
