5 1
9 1
13 1
15 1
18 1
24 1
29 1
30 1
31 1
37 1
40 1
3 2
4 2
5 2
6 2
10 2
11 2
13 2
14 2
15 2
20 2
21 2
24 2
26 2
29 2
32 2
36 2
37 2
9 3
13 3
19 3
26 3
31 3
34 3
37 3
8 4
12 4
13 4
20 4
23 4
39 4
40 4
9 5
10 5
14 5
16 5
19 5
22 5
23 5
25 5
26 5
36 5
40 5
11 6
13 6
15 6
17 6
19 6
21 6
22 6
23 6
29 6
36 6
18 7
19 7
29 7
33 7
39 7
10 8
12 8
13 8
20 8
23 8
30 8
31 8
33 8
10 9
12 9
14 9
15 9
19 9
21 9
23 9
26 9
29 9
30 9
32 9
34 9
38 9
40 9
11 10
16 10
18 10
20 10
25 10
34 10
35 10
37 10
38 10
39 10
16 11
19 11
20 11
22 11
26 11
29 11
36 11
38 11
15 12
19 12
21 12
23 12
25 12
26 12
27 12
30 12
32 12
37 12
39 12
40 12
15 13
19 13
20 13
21 13
24 13
28 13
31 13
33 13
36 13
40 13
15 14
16 14
17 14
21 14
22 14
24 14
25 14
33 14
35 14
19 15
22 15
24 15
30 15
36 15
38 15
39 15
24 16
26 16
35 16
37 16
20 17
21 17
26 17
28 17
29 17
31 17
32 17
40 17
22 18
24 18
26 18
31 18
39 18
21 19
24 19
26 19
27 19
29 19
30 19
37 19
30 20
32 20
33 20
36 20
39 20
26 21
34 21
36 21
39 21
27 22
29 22
38 22
40 22
28 23
30 23
33 23
34 23
38 23
27 24
35 24
26 25
30 25
33 25
34 25
30 26
32 26
34 26
36 26
40 26
35 27
33 28
36 28
33 29
34 29
38 29
31 30
32 30
36 30
37 30
38 30
33 31
34 32
38 32
36 33
36 34
37 34
39 34
40 34
38 36
