3 1
6 1
7 1
11 1
12 1
16 1
17 1
20 1
21 1
24 1
29 1
6 2
7 2
10 2
11 2
12 2
13 2
15 2
16 2
17 2
22 2
23 2
26 2
6 3
12 3
14 3
17 3
18 3
24 3
26 3
27 3
30 3
6 4
8 4
11 4
17 4
21 4
23 4
25 4
26 4
28 4
29 4
7 5
11 5
12 5
14 5
15 5
17 5
20 5
21 5
26 5
28 5
30 5
7 6
10 6
12 6
16 6
19 6
25 6
26 6
27 6
11 7
15 7
16 7
17 7
18 7
25 7
28 7
29 7
10 8
11 8
12 8
13 8
15 8
16 8
17 8
19 8
21 8
23 8
26 8
27 8
28 8
29 8
10 9
14 9
16 9
17 9
21 9
23 9
25 9
11 10
18 10
19 10
21 10
22 10
17 11
19 11
20 11
21 11
23 11
24 11
22 12
23 12
25 12
26 12
29 12
14 13
15 13
18 13
19 13
20 13
21 13
23 13
29 13
18 14
19 14
20 14
22 14
23 14
26 14
27 14
30 14
17 15
23 15
24 15
26 15
30 15
22 16
26 16
29 16
30 16
19 17
24 17
19 18
20 18
21 18
25 18
27 18
20 19
28 19
24 20
25 20
26 20
29 20
30 20
22 21
24 22
25 22
28 22
30 22
24 23
27 23
28 23
26 24
28 24
26 25
27 25
30 25
28 26
30 26
29 27
30 27
29 28
