4 1
6 1
9 1
11 1
15 1
17 1
18 1
19 1
20 1
26 1
5 2
6 2
8 2
10 2
12 2
13 2
16 2
17 2
22 2
24 2
5 3
9 3
10 3
12 3
16 3
23 3
24 3
25 3
27 3
30 3
8 4
9 4
10 4
14 4
15 4
16 4
17 4
19 4
20 4
22 4
25 4
6 5
9 5
14 5
18 5
21 5
22 5
24 5
27 5
28 5
7 6
11 6
13 6
15 6
16 6
22 6
8 7
9 7
10 7
12 7
15 7
17 7
18 7
21 7
25 7
27 7
30 7
26 8
28 8
11 9
12 9
13 9
15 9
22 9
25 9
11 10
13 10
16 10
17 10
20 10
21 10
23 10
26 10
28 10
24 11
25 11
28 11
16 12
18 12
20 12
21 12
25 12
30 12
15 13
17 13
20 13
21 13
25 13
30 13
16 14
19 14
21 14
24 14
25 14
28 14
16 15
19 15
20 15
28 15
17 16
18 16
19 16
20 16
25 16
27 16
18 17
23 17
24 17
25 17
26 17
27 17
29 17
30 17
20 18
21 18
22 18
26 18
24 19
28 19
22 20
28 20
29 20
22 21
24 21
26 21
27 21
29 21
23 22
25 22
25 23
26 24
27 25
29 28
30 28
