5 1
9 1
10 1
12 1
13 1
16 1
21 1
22 1
24 1
26 1
28 1
3 2
4 2
7 2
10 2
13 2
16 2
17 2
18 2
19 2
22 2
25 2
27 2
28 2
30 2
11 3
14 3
19 3
24 3
25 3
26 3
27 3
29 3
30 3
8 4
11 4
13 4
15 4
16 4
17 4
20 4
23 4
27 4
6 5
7 5
8 5
9 5
15 5
17 5
18 5
19 5
23 5
24 5
26 5
29 5
7 6
10 6
13 6
19 6
20 6
21 6
27 6
29 6
30 6
8 7
13 7
14 7
17 7
18 7
20 7
22 7
25 7
27 7
30 7
10 8
11 8
13 8
14 8
18 8
19 8
20 8
27 8
28 8
29 8
30 8
11 9
12 9
24 9
30 9
14 10
15 10
16 10
17 10
20 10
21 10
25 10
29 10
14 11
15 11
19 11
21 11
25 11
26 11
27 11
13 12
22 12
25 12
27 12
28 12
29 12
15 13
16 13
18 13
22 13
24 13
27 13
30 13
16 14
18 14
20 14
22 14
23 14
28 14
16 15
26 15
29 15
22 16
24 16
25 16
20 17
24 17
19 18
23 18
24 18
25 18
26 18
27 18
28 18
29 18
30 18
21 19
26 19
29 19
21 20
23 20
25 20
28 20
23 21
26 21
29 21
30 21
28 22
29 22
30 22
24 23
26 23
27 23
28 23
29 23
26 24
27 24
28 24
26 25
28 25
27 26
