3 1
5 1
21 1
22 1
23 1
3 2
6 2
7 2
10 2
11 2
13 2
14 2
16 2
22 2
25 2
27 2
29 2
4 3
7 3
8 3
10 3
14 3
15 3
16 3
24 3
25 3
28 3
7 4
9 4
12 4
15 4
17 4
18 4
21 4
24 4
29 4
10 5
11 5
13 5
15 5
17 5
20 5
27 5
28 5
30 5
7 6
14 6
20 6
21 6
27 6
29 6
10 7
12 7
13 7
16 7
19 7
20 7
23 7
24 7
28 7
11 8
19 8
21 8
22 8
27 8
29 8
30 8
11 9
13 9
14 9
22 9
24 9
25 9
26 9
27 9
29 9
12 10
13 10
14 10
16 10
17 10
21 10
22 10
24 10
26 10
14 11
16 11
20 11
22 11
23 11
30 11
16 12
18 12
19 12
20 12
22 12
28 12
29 12
30 12
16 13
18 13
20 13
22 13
24 13
28 13
16 14
19 14
21 14
22 14
23 14
25 14
27 14
29 14
16 15
23 15
24 15
18 16
25 16
27 16
30 16
18 17
19 17
20 17
21 17
23 17
24 17
25 17
30 17
20 18
27 18
21 19
22 19
23 19
24 19
25 19
28 19
21 20
23 20
27 20
29 20
27 21
28 21
24 22
25 22
27 22
28 22
30 22
25 23
28 23
28 25
27 26
29 27
29 28
30 28
