3 1
6 1
11 1
12 1
15 1
26 1
29 1
9 2
11 2
14 2
18 2
19 2
20 2
22 2
4 3
6 3
7 3
10 3
11 3
12 3
20 3
23 3
25 3
26 3
27 3
7 4
12 4
14 4
15 4
19 4
29 4
6 5
8 5
9 5
10 5
12 5
14 5
15 5
17 5
22 5
25 5
26 5
27 5
28 5
30 5
8 6
9 6
11 6
12 6
15 6
16 6
17 6
19 6
22 6
25 6
27 6
29 6
12 7
13 7
16 7
17 7
18 7
19 7
20 7
30 7
9 8
10 8
15 8
18 8
23 8
28 8
10 9
13 9
15 9
16 9
19 9
21 9
23 9
30 9
11 10
12 10
17 10
18 10
19 10
20 10
26 10
27 10
28 10
14 11
15 11
18 11
24 11
25 11
30 11
15 12
21 12
25 12
29 12
17 13
20 13
27 13
28 13
29 13
17 14
26 14
30 14
18 15
19 15
20 15
22 15
25 15
26 15
27 15
29 15
25 16
19 17
21 17
22 17
28 17
30 17
22 18
26 18
27 18
29 18
24 19
26 19
23 20
26 20
28 20
30 20
27 21
29 21
30 21
25 22
26 22
28 22
29 22
26 23
28 23
29 23
27 24
28 24
30 24
26 25
28 25
30 26
30 29
