9 1
12 1
14 1
19 1
22 1
28 1
3 2
4 2
5 2
13 2
25 2
27 2
28 2
29 2
30 2
4 3
5 3
7 3
9 3
10 3
12 3
15 3
17 3
18 3
24 3
25 3
26 3
30 3
5 4
6 4
8 4
9 4
12 4
17 4
18 4
19 4
27 4
30 4
8 5
9 5
12 5
13 5
15 5
16 5
17 5
19 5
24 5
29 5
7 6
9 6
10 6
11 6
18 6
20 6
22 6
24 6
27 6
9 7
10 7
12 7
13 7
17 7
18 7
21 7
22 7
30 7
11 8
17 8
18 8
19 8
20 8
22 8
24 8
25 8
27 8
28 8
30 8
10 9
16 9
22 9
24 9
26 9
27 9
29 9
17 10
21 10
24 10
25 10
27 10
28 10
29 10
15 11
16 11
19 11
20 11
22 11
26 11
28 11
29 11
15 12
16 12
17 12
20 12
22 12
24 12
29 12
14 13
16 13
18 13
19 13
20 13
24 13
25 13
27 13
28 13
29 13
15 14
16 14
19 14
20 14
21 14
22 14
24 14
16 15
17 15
19 15
21 15
22 15
24 15
30 15
20 16
23 16
21 17
24 17
26 17
27 17
28 17
19 18
24 18
26 18
27 18
28 18
30 18
22 19
26 19
21 20
23 20
24 20
29 20
24 21
26 21
28 21
30 21
25 22
30 22
25 23
27 23
30 23
25 24
26 24
27 24
26 25
28 25
28 26
28 27
29 28
30 28
30 29
