9 1
11 1
12 1
16 1
17 1
19 1
21 1
22 1
26 1
28 1
30 1
4 2
7 2
11 2
13 2
16 2
18 2
20 2
21 2
29 2
30 2
12 3
13 3
19 3
21 3
29 3
11 4
13 4
15 4
16 4
17 4
18 4
19 4
20 4
21 4
25 4
26 4
27 4
9 5
11 5
15 5
18 5
20 5
21 5
24 5
27 5
28 5
30 5
8 6
9 6
13 6
14 6
19 6
22 6
23 6
25 6
26 6
28 6
13 7
18 7
20 7
24 7
25 7
27 7
28 7
11 8
12 8
13 8
22 8
23 8
25 8
27 8
29 8
30 8
23 9
29 9
12 10
13 10
20 10
21 10
23 10
25 10
30 10
12 11
13 11
14 11
18 11
19 11
23 11
25 11
13 12
17 12
18 12
19 12
20 12
24 12
25 12
26 12
28 12
29 12
30 12
19 13
21 13
25 13
26 13
29 13
30 13
17 14
21 14
24 14
26 14
30 14
17 15
21 15
25 15
26 15
24 16
25 16
26 16
27 16
19 17
23 17
27 17
28 17
24 18
26 18
30 18
20 19
22 19
24 19
25 19
26 19
28 20
29 20
30 20
24 21
26 21
23 22
26 22
29 22
24 23
30 23
26 24
27 24
28 24
29 25
30 25
30 26
29 28
30 28
