2 1
3 1
6 1
8 1
11 1
12 1
15 1
21 1
23 1
26 1
28 1
3 2
4 2
6 2
7 2
10 2
12 2
13 2
22 2
23 2
27 2
5 3
6 3
8 3
9 3
11 3
14 3
15 3
18 3
19 3
20 3
23 3
25 3
29 3
30 3
5 4
7 4
9 4
11 4
12 4
16 4
21 4
22 4
28 4
6 5
10 5
15 5
19 5
20 5
21 5
27 5
30 5
7 6
9 6
11 6
15 6
16 6
18 6
22 6
23 6
26 6
27 6
28 6
29 6
8 7
10 7
13 7
19 7
22 7
23 7
25 7
9 8
11 8
13 8
14 8
16 8
17 8
18 8
20 8
23 8
26 8
29 8
30 8
11 9
14 9
17 9
19 9
21 9
23 9
25 9
29 9
16 10
23 10
25 10
28 10
13 11
14 11
16 11
17 11
20 11
21 11
27 11
29 11
13 12
17 12
19 12
21 12
22 12
23 12
29 12
30 12
14 13
19 13
20 13
21 13
23 13
25 13
27 13
30 13
15 14
19 14
22 14
28 14
30 14
17 15
18 15
19 15
20 15
24 15
26 15
27 15
28 15
17 16
20 16
26 16
30 16
19 17
21 17
22 17
25 17
26 17
27 17
28 17
29 17
30 17
19 18
21 18
22 18
24 18
25 18
29 18
30 18
20 19
23 19
25 19
21 20
25 20
29 20
22 21
26 21
28 21
30 21
23 22
27 22
28 22
25 23
27 23
30 23
25 24
26 24
29 24
26 25
28 25
29 26
30 27
29 28
30 28
