10 1
16 1
18 1
24 1
25 1
26 1
30 1
3 2
4 2
5 2
7 2
9 2
12 2
13 2
14 2
15 2
19 2
27 2
7 3
10 3
11 3
15 3
16 3
17 3
19 3
20 3
23 3
28 3
29 3
6 4
10 4
18 4
19 4
20 4
23 4
24 4
26 4
27 4
29 4
9 5
10 5
11 5
12 5
13 5
21 5
24 5
26 5
28 5
11 6
14 6
15 6
20 6
21 6
22 6
25 6
26 6
30 6
8 7
9 7
10 7
11 7
12 7
16 7
17 7
19 7
22 7
28 7
13 8
15 8
20 8
26 8
27 8
11 9
12 9
13 9
15 9
20 9
27 9
30 9
11 10
12 10
18 10
22 10
24 10
25 10
26 10
27 10
12 11
14 11
16 11
18 11
20 11
22 11
23 11
29 11
14 12
16 12
21 12
22 12
25 12
27 12
30 12
15 13
20 13
24 13
25 13
27 13
29 13
17 14
19 14
23 14
24 14
27 14
29 14
16 15
17 15
19 15
22 15
23 15
24 15
29 15
17 16
19 16
20 16
27 16
18 17
20 17
22 17
23 17
25 17
28 17
21 18
26 18
28 18
29 18
22 19
27 19
29 19
21 20
23 21
24 21
25 21
27 21
29 21
23 22
24 22
26 22
27 22
28 22
25 23
25 24
26 24
29 24
27 25
28 25
28 26
28 27
29 28
30 28
