3 1
6 1
7 1
8 1
9 1
20 1
22 1
23 1
25 1
26 1
28 1
6 2
7 2
8 2
12 2
15 2
16 2
20 2
23 2
24 2
27 2
29 2
30 2
9 3
11 3
12 3
18 3
19 3
20 3
23 3
25 3
26 3
29 3
30 3
7 4
8 4
10 4
11 4
13 4
18 4
20 4
21 4
24 4
26 4
27 4
28 4
6 5
8 5
10 5
11 5
15 5
16 5
18 5
19 5
26 5
29 5
7 6
9 6
12 6
13 6
16 6
18 6
20 6
27 6
28 6
29 6
11 7
13 7
19 7
23 7
26 7
27 7
11 8
16 8
21 8
23 8
25 8
30 8
11 9
18 9
19 9
20 9
22 9
23 9
25 9
27 9
29 9
12 10
13 10
15 10
17 10
19 10
20 10
25 10
29 10
12 11
13 11
14 11
18 11
19 11
20 11
29 11
30 11
16 12
22 12
23 12
27 12
28 12
15 13
16 13
21 13
22 13
24 13
26 13
30 13
16 14
19 14
21 14
22 14
25 14
30 14
19 15
21 15
23 15
29 15
21 16
25 16
30 16
27 17
28 17
19 18
20 18
23 18
24 18
20 19
21 19
28 19
21 20
22 21
23 21
26 21
25 22
25 23
26 23
27 23
29 23
25 24
26 24
27 26
28 26
29 26
30 26
30 27
29 28
30 28
30 29
