2 1
3 1
4 1
19 1
25 1
35 1
3 2
4 2
4 3
6 3
7 3
8 3
10 3
12 3
17 3
18 3
19 3
33 3
35 3
37 3
10 4
14 4
19 4
7 5
9 5
27 5
29 5
33 5
7 6
12 6
13 6
33 6
9 7
12 7
29 7
31 7
10 8
12 8
15 8
16 8
17 8
37 8
27 9
33 9
38 9
12 10
33 10
35 10
36 10
31 11
32 11
33 11
17 12
18 12
33 12
35 12
36 12
39 12
33 13
38 13
16 14
19 14
21 14
33 14
36 14
17 15
37 15
17 16
18 16
21 16
33 16
36 16
18 17
21 17
31 17
33 17
37 17
19 18
23 18
35 18
36 18
20 19
21 19
23 19
25 19
28 19
34 19
35 19
36 19
25 20
28 20
29 20
31 20
33 20
34 20
33 21
36 21
23 22
26 22
27 22
32 22
34 22
38 22
26 23
28 23
35 23
26 24
28 24
34 24
28 25
34 25
28 26
34 26
33 27
38 27
34 28
30 29
31 29
32 29
33 29
32 30
33 30
39 30
40 30
32 31
33 31
37 31
33 32
38 32
38 33
39 33
40 33
39 36
40 39
