2 1
4 1
19 1
27 1
30 1
33 1
38 1
40 1
3 2
4 2
6 2
31 2
36 2
6 3
7 3
8 3
10 3
14 3
15 3
16 3
17 3
19 3
20 3
21 3
23 3
30 3
35 3
36 3
37 3
29 4
31 4
32 4
38 4
40 4
8 5
9 5
12 5
21 5
23 5
7 6
9 6
12 6
31 6
32 6
12 7
15 7
17 7
23 7
30 7
35 7
9 8
11 8
29 8
30 8
37 8
11 9
12 9
21 9
37 9
13 10
35 10
36 10
39 10
16 11
17 11
22 11
30 11
37 11
21 12
23 12
19 13
33 13
35 13
39 13
20 14
21 14
24 14
34 14
17 15
23 15
35 15
36 15
37 15
17 16
22 16
27 16
28 16
30 16
37 16
21 17
23 17
37 17
19 18
24 18
34 18
20 19
26 19
28 19
33 19
34 19
38 19
25 20
34 20
23 21
24 21
26 22
27 22
28 22
30 22
33 22
26 24
34 24
34 25
27 26
28 26
34 26
38 26
28 27
33 27
38 27
39 27
33 28
34 28
30 29
31 29
32 29
33 29
38 29
40 29
31 30
32 30
33 30
37 30
40 30
32 31
38 33
39 33
40 33
36 35
39 35
