2 1
5 1
9 1
11 1
22 1
30 1
33 1
3 2
4 2
17 2
30 2
33 2
5 3
7 3
8 3
12 3
15 3
23 3
28 3
30 3
31 3
35 3
36 3
37 3
10 4
17 4
30 4
33 4
6 5
7 5
8 5
9 5
11 5
12 5
21 5
23 5
26 5
36 5
7 6
9 6
14 6
18 6
23 6
38 6
12 7
21 7
23 7
26 7
9 8
11 8
40 8
11 9
33 9
13 10
26 10
27 10
28 10
30 10
33 10
35 10
16 11
30 11
33 11
40 11
15 12
36 12
37 12
19 13
24 13
26 13
27 13
28 13
33 13
34 13
18 14
21 14
23 14
24 14
33 14
38 14
17 15
37 15
29 16
30 16
33 16
38 16
39 16
40 16
22 17
29 17
30 17
33 17
37 17
19 18
24 18
25 18
36 18
38 18
20 19
24 19
25 19
26 19
27 19
34 19
36 19
25 20
34 20
23 21
26 21
33 21
29 22
30 22
33 22
26 23
28 23
25 24
26 24
34 24
36 25
27 26
34 26
28 27
33 28
37 28
30 29
31 29
32 29
33 29
37 29
38 29
40 29
31 30
32 30
33 30
35 30
37 30
40 30
32 31
35 31
37 33
38 33
39 33
40 33
36 35
40 38
40 39
