5 1
6 1
21 1
23 1
30 1
39 1
4 2
14 2
17 2
30 2
33 2
5 3
8 3
11 3
12 3
35 3
36 3
17 4
30 4
33 4
37 4
6 5
7 5
8 5
9 5
12 5
23 5
24 5
26 5
7 6
14 6
18 6
24 6
23 7
24 7
28 7
9 8
11 8
40 8
11 9
33 9
40 9
13 10
16 10
22 10
27 10
30 10
31 10
33 10
35 10
12 11
33 11
13 12
23 12
26 12
33 12
26 13
27 13
33 13
34 13
18 14
19 14
33 14
38 14
17 15
29 15
37 15
21 16
22 16
30 16
33 16
37 16
39 16
40 16
29 17
30 17
31 17
37 17
19 18
24 18
25 18
26 18
36 18
38 18
25 19
26 19
36 19
38 19
29 20
30 20
34 20
22 21
23 21
30 21
23 22
30 22
26 23
28 23
30 23
33 23
34 23
37 23
25 24
26 24
26 25
36 25
27 26
28 26
33 26
28 27
33 27
34 27
37 28
30 29
31 29
32 29
35 29
31 30
32 30
33 30
34 30
35 30
39 30
40 30
32 31
35 31
34 33
35 33
37 33
39 33
40 33
39 34
36 35
40 39
