2 1
4 1
30 1
33 1
37 1
3 2
4 2
30 2
31 2
6 3
7 3
8 3
10 3
14 3
15 3
17 3
18 3
21 3
23 3
29 3
30 3
31 3
35 3
36 3
37 3
10 4
29 4
30 4
31 4
33 4
6 5
7 5
9 5
12 5
14 5
21 5
23 5
7 6
9 6
12 6
14 6
35 6
9 7
12 7
14 7
23 7
35 7
9 8
11 8
16 8
30 8
11 9
12 9
30 9
13 10
17 10
28 10
33 10
35 10
39 10
16 11
30 11
33 11
39 11
23 12
16 13
19 13
20 13
27 13
28 13
33 13
39 13
18 14
20 14
21 14
24 14
25 14
34 14
38 14
17 15
23 15
35 15
36 15
37 15
17 16
22 16
27 16
30 16
33 16
39 16
30 17
33 17
37 17
19 18
21 18
24 18
34 18
20 19
26 19
27 19
28 19
34 19
25 20
34 20
23 21
24 21
26 22
27 22
28 22
39 22
35 23
26 24
34 24
38 24
34 25
27 26
28 26
34 26
38 26
28 27
33 27
38 27
33 28
30 29
31 29
32 29
33 29
38 29
40 29
31 30
32 30
33 30
37 30
40 30
32 31
38 31
38 32
38 33
39 33
40 33
36 35
