2 1
4 1
10 1
30 1
33 1
3 2
4 2
30 2
31 2
35 2
7 3
14 3
15 3
17 3
21 3
23 3
31 3
35 3
36 3
37 3
10 4
23 4
28 4
30 4
33 4
35 4
6 5
7 5
9 5
12 5
21 5
23 5
7 6
9 6
12 6
14 6
18 6
21 6
38 6
12 7
14 7
21 7
23 7
9 8
11 8
12 8
11 9
12 9
17 9
30 9
13 10
22 10
27 10
28 10
30 10
33 10
16 11
17 11
29 11
30 11
40 11
15 12
23 12
25 12
35 12
36 12
19 13
26 13
27 13
28 13
18 14
21 14
24 14
26 14
38 14
17 15
25 15
33 15
35 15
36 15
37 15
17 16
22 16
30 16
33 16
39 16
40 16
30 17
33 17
37 17
19 18
20 18
24 18
34 18
38 18
20 19
24 19
25 19
26 19
27 19
34 19
25 20
27 20
34 20
23 21
26 21
30 22
33 22
39 22
35 23
26 24
27 24
34 24
27 25
34 25
36 25
27 26
34 26
28 27
33 28
30 29
31 29
32 29
33 29
39 29
40 29
31 30
32 30
33 30
40 30
32 31
33 31
35 31
35 33
37 33
38 33
39 33
40 33
36 35
37 35
39 38
40 39
