2 1
3 1
4 1
10 1
19 1
35 1
3 2
10 2
19 2
6 3
8 3
10 3
19 3
35 3
10 4
14 4
18 4
19 4
35 4
6 5
7 5
9 5
12 5
33 5
36 5
38 5
39 5
7 6
8 6
12 6
17 6
37 6
9 7
12 7
33 7
10 8
12 8
15 8
17 8
37 8
22 9
33 9
38 9
15 10
17 10
35 10
31 11
32 11
33 11
17 12
33 12
36 12
14 13
21 13
33 13
16 14
19 14
21 14
35 14
36 14
17 15
21 16
36 16
37 17
19 18
35 18
20 19
24 19
25 19
28 19
35 19
36 19
25 20
29 20
30 20
32 20
33 21
36 21
23 22
26 22
27 22
28 22
33 22
34 22
25 23
26 23
27 23
28 23
25 24
26 24
28 24
34 24
28 25
34 25
27 26
28 26
34 26
30 27
33 27
34 27
38 27
34 28
30 29
31 29
32 29
33 29
38 29
32 30
33 30
39 30
40 30
32 31
33 31
39 31
33 32
38 32
36 33
38 33
39 33
40 33
39 36
40 39
