2 1
3 1
4 1
12 1
19 1
37 1
3 2
4 2
8 2
10 2
33 2
39 2
4 3
6 3
7 3
8 3
9 3
10 3
12 3
13 3
17 3
18 3
19 3
21 3
30 3
31 3
32 3
33 3
35 3
37 3
39 3
40 3
8 4
14 4
19 4
23 4
7 5
9 5
13 5
29 5
30 5
33 5
7 6
12 6
16 6
17 6
18 6
29 6
9 7
12 7
29 7
30 7
33 7
15 8
17 8
37 8
13 9
29 9
31 9
12 10
19 10
35 10
39 10
20 11
22 11
31 11
33 11
40 11
18 12
35 12
36 12
16 13
33 13
36 13
16 14
19 14
21 14
23 14
36 14
17 15
37 15
17 16
18 16
21 16
36 16
21 17
37 17
19 18
36 18
40 18
20 19
23 19
25 19
28 19
33 19
34 19
35 19
36 19
39 19
22 20
25 20
27 20
33 20
34 20
38 20
31 21
33 21
36 21
23 22
26 22
27 22
32 22
38 22
26 23
28 23
26 24
28 24
34 24
34 25
27 26
28 26
34 26
38 26
32 27
38 27
34 28
30 29
31 29
33 29
32 30
33 30
40 30
32 31
33 31
33 32
38 32
35 33
39 33
40 33
40 39
