2 1
3 1
4 1
8 1
33 1
37 1
3 2
4 2
11 2
14 2
19 2
33 2
4 3
5 3
7 3
8 3
9 3
10 3
12 3
13 3
19 3
21 3
31 3
33 3
35 3
36 3
37 3
39 3
8 4
14 4
19 4
20 4
23 4
7 5
9 5
12 5
13 5
18 5
29 5
35 5
7 6
18 6
19 6
31 6
32 6
36 6
38 6
12 7
13 7
18 7
35 7
15 8
37 8
21 9
29 9
31 9
21 10
33 10
35 10
39 10
14 11
19 11
22 11
28 11
33 11
18 12
35 12
18 13
33 13
35 13
16 14
17 14
19 14
21 14
23 14
17 15
37 15
17 16
19 16
21 16
23 16
36 16
37 16
21 17
37 17
19 18
36 18
20 19
23 19
25 19
26 19
27 19
28 19
34 19
36 19
38 19
39 19
22 20
25 20
26 20
27 20
34 20
31 21
27 22
28 22
33 22
34 22
38 22
25 23
28 23
34 23
26 24
28 24
34 24
34 25
27 26
28 26
34 26
38 26
33 27
38 27
39 27
40 27
33 28
34 28
30 29
31 29
32 29
33 29
40 29
31 30
32 30
33 30
40 30
32 31
36 31
33 32
35 33
38 33
39 33
40 33
37 36
39 38
40 38
40 39
