2 1
3 1
4 1
16 1
23 1
33 1
38 1
3 2
4 2
8 2
27 2
29 2
33 2
4 3
7 3
8 3
9 3
10 3
13 3
14 3
15 3
16 3
17 3
19 3
20 3
21 3
33 3
35 3
36 3
37 3
39 3
40 3
6 4
8 4
19 4
38 4
6 5
7 5
9 5
12 5
9 6
12 6
18 6
19 6
31 6
32 6
12 7
13 7
35 7
36 7
9 8
11 8
15 8
30 8
37 8
39 8
12 9
37 9
13 10
33 10
35 10
39 10
17 11
22 11
26 11
28 11
30 11
37 11
32 12
19 13
35 13
36 13
16 14
17 14
19 14
20 14
21 14
23 14
34 14
17 15
36 15
37 15
17 16
21 16
23 16
30 16
36 17
37 17
19 18
36 18
20 19
22 19
26 19
28 19
31 19
33 19
34 19
36 19
38 19
21 20
34 20
23 21
26 22
27 22
28 22
33 22
38 22
30 23
40 23
26 24
28 24
34 24
34 25
27 26
28 26
34 26
38 26
28 27
33 27
38 27
33 28
34 28
30 29
31 29
32 29
33 29
31 30
32 30
33 30
37 30
39 30
40 30
32 31
38 33
39 33
40 33
40 39
